{
  "advancedEditorSelectedIdentifier" : "ProjectBrowser",
  "openSceneRelativePaths" : [
    "IntroEnvironment.usda",
    "Assets\/Intro\/ADC_particles2.usda"
  ],
  "recentIdentifiers" : {
    "00353439-B084-4161-BDD3-58325B62FD61" : [

    ],
    "02DE6380-0BD9-4479-9A39-522888A9802A" : [

    ],
    "071D5D7A-6594-4D62-93EB-9A979D70B767" : [

    ],
    "085B8DE7-7973-4FC9-A118-90FFC9B739A0" : [

    ],
    "0AF0A357-0045-484F-B3BB-EDFC696C42F1" : [

    ],
    "12B1BFDE-D45B-4A19-958C-624E0EE55CAE" : [

    ],
    "13ADCE7E-5D72-4DAD-8B3A-EEF958B3B1AF" : [

    ],
    "17A66227-7A0B-4B7B-89BD-500DE0F3FFEA" : [

    ],
    "1C8A319C-C3C8-4EB5-B82E-7B452D913E6D" : [

    ],
    "1D0A9B55-48B7-4EF3-8FA7-907F78E46CB7" : [

    ],
    "1D572CEB-057A-41C3-B575-04C37501A3C0" : [

    ],
    "1E22C6BA-8D6C-4D81-845F-33A2AC36A43E" : [

    ],
    "1EBF1622-190B-43A7-845E-9B82B5A7A908" : [

    ],
    "213F9A17-9C89-4C24-A4C4-0BE231165FC0" : [

    ],
    "220C04E5-242E-4BBB-82A0-77AFE2744F74" : [

    ],
    "229A9523-9542-4C66-B562-4EEDE849ABB0" : [

    ],
    "23D256D9-0427-40F7-AA1A-1F4F05FBC38B" : [

    ],
    "25C36807-02FB-40AE-8F10-A63952F9AAB4" : [

    ],
    "27EC1142-7EFD-4199-B05B-0A02B9BD5594" : [

    ],
    "2B8A7B8A-B0B5-43FA-97F7-177747415A9E" : [

    ],
    "33C9CB3B-4894-43D7-A977-FB8CF56C278C" : [

    ],
    "34734776-6C43-4EC9-AA2B-F6904B89C1ED" : [

    ],
    "3C484B2E-DEF0-4302-B76F-681C274D34A5" : [

    ],
    "3CD69C7C-DB10-4FEF-95BD-BEF05412DB44" : [

    ],
    "406448A7-0C59-4D68-955C-BBC6143CB9BD" : [

    ],
    "40DE9908-7C57-4F32-BD75-670CF74CF6FB" : [

    ],
    "43B860B4-34AF-45A1-946A-1810ED8DDE60" : [

    ],
    "44F0F50C-ED11-4E8D-8923-F81E82193C26" : [

    ],
    "45709933-837A-4909-9A0B-E4A53344635A" : [

    ],
    "467612E3-5D16-403A-89F3-1731E54DEF12" : [

    ],
    "47BC25EA-F1CE-47DF-836F-191CF3013A19" : [

    ],
    "47EFE14A-AC88-49F4-BFD7-0E8198EB561A" : [

    ],
    "48F594CF-42BB-42B2-80BA-F5796C487D7E" : [

    ],
    "496045F4-3CA9-4D9E-A417-A818651ADBD3" : [

    ],
    "498AD5BF-937A-43BA-B783-AA34F369884E" : [

    ],
    "4A04D785-5FFB-4A07-9F6E-440993DCDF18" : [

    ],
    "4A919CF4-92BB-4C05-A306-0CF10509CB94" : [

    ],
    "4CA88EDC-C2AC-4657-BDA0-19478CDBEBC2" : [

    ],
    "509CB3D5-C5E6-46F2-BB0F-742D659C0595" : [

    ],
    "50DFF351-B82D-4A1A-8F14-792A88C10AA2" : [

    ],
    "53EFA8CF-882F-40D4-AC98-163B08FF410F" : [

    ],
    "56899641-3525-43B2-B626-E9AFD02984E4" : [

    ],
    "57FD08C9-7E67-4219-B3A7-E104664C468D" : [

    ],
    "5A285654-8574-4F5E-8283-AB6C523CABE6" : [

    ],
    "5D7F1590-79E1-4777-B5C6-51F43C3CA069" : [

    ],
    "5FE9DC4C-3B69-441C-861D-116BED5D0C64" : [

    ],
    "60FA3AEC-9CFC-46B5-8F0C-FBC195373020" : [

    ],
    "61D3CF0F-BF60-444E-ABBF-60FEF5B7C74D" : [

    ],
    "61D9D8CE-8E1E-43EA-B109-3B7032AED4D0" : [

    ],
    "626F18E0-4467-4447-9B6B-1FA5C9A27F7A" : [

    ],
    "6292CAF4-DC11-4C8E-955F-9E33770D38FA" : [

    ],
    "63133FA1-6801-45B1-97F9-DE5D137C9BAC" : [

    ],
    "66F26E71-E432-4B56-B149-6DFA4900B6D5" : [

    ],
    "67CA2EC8-0442-49EC-8350-5BB0DEEEDCB1" : [

    ],
    "6A4DE9D6-0C97-4C67-A48F-AF868DD22FA4" : [

    ],
    "6AB03649-FA10-403E-82E7-4F053FAAB6F8" : [

    ],
    "6C43F53D-D3EC-4437-8F86-2529DDB36BDB" : [

    ],
    "6EB32A19-1239-46EB-A54D-FE11DA3FE347" : [

    ],
    "706605BE-FBD0-43F4-AB2C-3BD965A1F37F" : [

    ],
    "732BFFA5-2E7F-487C-9F77-96943F1ADC77" : [

    ],
    "750A2E14-AE29-479B-9CAA-4075AD7E0432" : [

    ],
    "75B0FA5A-4097-478A-A587-4D3C3A907341" : [

    ],
    "78E418E7-91A8-481F-BC93-1A24A92120DD" : [

    ],
    "7A10AC9D-F4E1-4FB8-A276-43FB7670B088" : [

    ],
    "7D9AFED7-1B0D-4B70-A381-6A517ED33083" : [

    ],
    "8197A29B-0DE4-43E4-8D2B-9F196AADBC27" : [

    ],
    "8219B444-07C8-4845-902E-82B2639E5982" : [

    ],
    "83842D5C-198A-4726-B5EE-0B6435583B6A" : [

    ],
    "86B0E0A1-EF58-441F-9D7F-B8CF97B8CC1D" : [

    ],
    "870875AB-DB74-47D5-B013-9D247D53B42B" : [

    ],
    "8CB1BF4E-533E-44FF-ACAB-46ACA66459D9" : [

    ],
    "8CC68D94-F86D-48AF-AF68-A3F1C2918116" : [

    ],
    "8D199E2A-4553-4E4E-B029-36C04D18F8BF" : [

    ],
    "8F147A5E-21A3-494D-B8D5-156DE567ADE6" : [

    ],
    "9099671A-9052-4BD8-8987-C708BB55235D" : [

    ],
    "91F8D5E9-2D68-4F9A-98DA-7715F504D7BE" : [

    ],
    "93C1F4B5-B1A0-4E35-82A2-69DC5B4F7E49" : [

    ],
    "98251CD2-0571-44AD-9218-C32363A369A4" : [

    ],
    "9A4ACB1F-1DFA-4CE4-89AA-DE3E4B96F3EF" : [

    ],
    "9AB034D5-163E-4F6A-806D-084BF287FE52" : [

    ],
    "9D4D6878-9C8E-4DE9-942F-5A91B30E9030" : [

    ],
    "9EF619AB-4858-4D5D-A263-E4E7917992F2" : [

    ],
    "9F526DC2-65D4-42AE-A866-B1CA60B3CB10" : [

    ],
    "A0344153-0C3A-4495-8E12-A2FBC95CB674" : [

    ],
    "A1728E79-0E0E-4FC3-BD0D-65A9BB34AE5F" : [

    ],
    "A2548279-DFE4-4531-B168-2F779A16F301" : [

    ],
    "A3DD4248-832E-457D-AECD-261D86190279" : [

    ],
    "A643F656-C52E-4EC5-96FA-92FF1B160B6F" : [

    ],
    "A6DDD216-4E8C-473F-9E77-65D0DC19FB9F" : [

    ],
    "AC1376C1-B192-4224-BA5E-2D696E1137FD" : [

    ],
    "AE533BB1-942B-4D2D-B167-BA29895ECA28" : [

    ],
    "AEA5DE3D-0E82-4D05-A22D-3A0AA6082CC0" : [

    ],
    "AF49E25F-AC15-4878-B4B3-19947607D2F3" : [

    ],
    "B2C4F996-B1F6-42DD-8145-953A9C2CE8FE" : [

    ],
    "B606F14F-8D86-49ED-B806-74E6F091733F" : [

    ],
    "B729A84D-5E60-441C-8733-32AE0ED92DB6" : [

    ],
    "B8BBA38F-5728-478A-97D1-25474906954F" : [

    ],
    "BD788088-AF78-4E90-B9E2-9C6AFFA3C5C5" : [

    ],
    "BF2DFFE7-4D65-4B36-93BC-59AB1E634F70" : [

    ],
    "BF459A8C-B8F8-4740-B757-D14D38D39C3A" : [

    ],
    "BFCB0CEF-5CF3-4739-8164-2ADC216DC579" : [

    ],
    "C09454C0-C79D-45A3-A5CE-E960F7B35B3E" : [

    ],
    "C14E0459-BFF4-4EBA-9D94-495E043E98FB" : [

    ],
    "C19F0FF5-A8EA-41E5-959A-CDD158F57AE5" : [

    ],
    "C277ABE1-3BFD-4251-92D5-6A6293F4B3F2" : [

    ],
    "C3257AE1-7208-4F50-9506-0AEFFE547080" : [

    ],
    "C343AEB2-AEEB-4C32-AAC0-C50F0C75CD82" : [

    ],
    "C432CC64-DB36-44D2-9C41-8BC303A7C806" : [

    ],
    "C58920FF-92DE-458D-B681-36D72B94C80F" : [

    ],
    "D2D7A40E-D5BD-42B9-AF9A-BF6A80D45EAE" : [

    ],
    "D682774C-E065-431C-902F-AA4439FBEFE7" : [

    ],
    "D6D9454C-8AC6-4084-B80C-3F0A15609015" : [

    ],
    "DA0531A4-CB58-4DB8-A332-3EBC135B5394" : [

    ],
    "DBDB5E53-2FE2-49F3-95A5-06439F2DF05E" : [

    ],
    "DC2FE990-74D9-40FE-AE3C-1429F643C383" : [

    ],
    "DC5F988A-AF05-4311-8903-C28ACC05710A" : [

    ],
    "DCE1BCCB-7869-46C2-A1E8-E2E98BA9C896" : [

    ],
    "DEB82524-F18E-400D-97A8-A6EB73D3DF32" : [

    ],
    "E01410BB-0E23-4608-8A08-913E348B01AA" : [

    ],
    "E20D5996-7725-4901-B06A-2060E4682C8B" : [

    ],
    "E2AD027D-0D91-4F9B-B113-E36E1C293338" : [

    ],
    "E3047AFB-EC8B-4317-91BE-82294678061D" : [

    ],
    "E40EF00E-764B-485A-A28A-506FC4D0F0F5" : [

    ],
    "E472219C-0FDD-43CD-BFB1-310EDA275CC9" : [

    ],
    "E687C4A0-DDB2-494B-AAA0-62001B95ECF2" : [

    ],
    "E7F652C4-8F80-4891-A3F8-7DBDDE65392E" : [

    ],
    "EA2E4113-A4D6-47AA-AB5D-332F3AD70CCF" : [

    ],
    "EAF05243-9C79-41F3-B966-C46CB6DC3F46" : [

    ],
    "EBD2C2C4-F8A6-4A00-AE11-60EA0C67D78C" : [

    ],
    "ECF4DC85-1C33-4CDE-A78A-D2B66EAD5D0B" : [

    ],
    "F0EFCE72-C355-4F3A-81F1-97C028A7FA90" : [

    ],
    "F3EE1E12-A539-4219-BB72-AE8667A90F1C" : [

    ],
    "F5946F9F-B916-4779-9467-B61B2A2B6E6A" : [

    ],
    "F6113C69-7A5B-4CEA-998E-B732BEEE1A44" : [

    ],
    "F6823F79-E131-4D71-A30C-A15953CF49EC" : [

    ],
    "F6AAB03F-988B-4D00-9D96-9D012184A952" : [

    ],
    "F72A41BF-2FB7-461B-8C49-6F66C0440EDC" : [

    ],
    "F7C7BFF6-0D93-4CBA-8057-D15585DF831F" : [

    ],
    "F9578175-58C4-4E94-8309-15D16777AA7E" : [

    ],
    "F9B882FA-3E96-41FF-9F3A-3160B0CB64D1" : [

    ],
    "FC94C881-21AF-4FA0-80B6-39C7B4C75897" : [

    ]
  },
  "sceneCameraHistory" : {
    "00353439-B084-4161-BDD3-58325B62FD61" : [
      {
        "date" : 755165865.449833,
        "title" : "Untitled",
        "transform" : [
          0.99968153,
          -1.6247226e-09,
          -0.025236608,
          0,
          -0.0059657185,
          0.971658,
          -0.23631585,
          0,
          0.02452135,
          0.23639117,
          0.9713485,
          0,
          0.01730187,
          0.30784303,
          0.6597028,
          1
        ]
      },
      {
        "date" : 755165664.697562,
        "title" : "Untitled",
        "transform" : [
          0.996154,
          -1.4786438e-09,
          0.087618575,
          0,
          0.024010498,
          0.96172,
          -0.27298048,
          0,
          -0.08426455,
          0.27403444,
          0.95802134,
          0,
          -0.0560831,
          0.33329788,
          0.64501286,
          1
        ]
      },
      {
        "date" : 755165638.38201,
        "title" : "Untitled",
        "transform" : [
          0.989134,
          -1.4993538e-09,
          0.14701681,
          0,
          0.036999244,
          0.96781397,
          -0.24893217,
          0,
          -0.14228494,
          0.2516668,
          0.95729774,
          0,
          -0.09565512,
          0.31819963,
          0.6479764,
          1
        ]
      },
      {
        "date" : 755165531.230131,
        "title" : "Untitled",
        "transform" : [
          0.9837049,
          -1.3129933e-09,
          0.1797899,
          0,
          0.047624543,
          0.9642787,
          -0.26057363,
          0,
          -0.17336759,
          0.26489004,
          0.9485658,
          0,
          -0.1163309,
          0.327135,
          0.64009696,
          1
        ]
      },
      {
        "date" : 755165497.412804,
        "title" : "Untitled",
        "transform" : [
          0.9774429,
          3.6656173e-10,
          0.21119969,
          0,
          0.07438723,
          0.93592,
          -0.34426793,
          0,
          -0.19766603,
          0.35221285,
          0.9148084,
          0,
          -0.12985379,
          0.38542458,
          0.60403657,
          1
        ]
      },
      {
        "date" : 755165470.696783,
        "title" : "Untitled",
        "transform" : [
          0.9999932,
          4.148096e-10,
          0.0036881452,
          0,
          0.0013888839,
          0.9263836,
          -0.37657866,
          0,
          -0.003416633,
          0.37658128,
          0.92637736,
          0,
          -0.0015930235,
          0.40145874,
          0.60753816,
          1
        ]
      },
      {
        "date" : 755165466.313187,
        "title" : "Untitled",
        "transform" : [
          0.9999932,
          4.148096e-10,
          0.0036881452,
          0,
          0.0013888839,
          0.9263836,
          -0.37657866,
          0,
          -0.003416633,
          0.37658128,
          0.92637736,
          0,
          -0.0011398137,
          0.18374278,
          0.30903238,
          1
        ]
      },
      {
        "date" : 755165462.463268,
        "title" : "Untitled",
        "transform" : [
          0.9999106,
          4.111777e-10,
          0.0133627625,
          0,
          0.005787877,
          0.90132916,
          -0.43309617,
          0,
          -0.012044245,
          0.43313488,
          0.9012487,
          0,
          -0.0039699045,
          0.20249744,
          0.29705682,
          1
        ]
      },
      {
        "date" : 755165306.062652,
        "title" : "Untitled",
        "transform" : [
          0.9997956,
          4.111777e-10,
          0.02021298,
          0,
          0.008754945,
          0.90132916,
          -0.43304637,
          0,
          -0.018218547,
          0.43313488,
          0.90114504,
          0,
          -0.014142064,
          0.476892,
          0.6995038,
          1
        ]
      },
      {
        "date" : 755165302.347387,
        "title" : "Untitled",
        "transform" : [
          1,
          0,
          -0,
          0,
          -0,
          0.7071069,
          -0.7071067,
          0,
          0,
          0.7071067,
          0.7071069,
          0,
          -1.1920929e-07,
          0.6816267,
          0.5023112,
          1
        ]
      }
    ],
    "043F2BB6-24A5-48C2-8FD2-91BD579824DD" : [
      {
        "date" : 761646510.684756,
        "title" : "Untitled",
        "transform" : [
          0.94928145,
          5.301831e-09,
          0.3144275,
          0,
          0.15075694,
          0.8775611,
          -0.45514706,
          0,
          -0.27592936,
          0.47946486,
          0.8330525,
          0,
          -0.52221876,
          1.0194343,
          1.5493621,
          1
        ]
      },
      {
        "date" : 761646495.640628,
        "title" : "Untitled",
        "transform" : [
          1,
          0,
          -0,
          0,
          -0,
          0.7071069,
          -0.7071067,
          0,
          0,
          0.7071067,
          0.7071069,
          0,
          -0.008570481,
          1.4384519,
          1.2818986,
          1
        ]
      }
    ],
    "085B8DE7-7973-4FC9-A118-90FFC9B739A0" : [
      {
        "date" : 759191244.209797,
        "title" : "Untitled",
        "transform" : [
          0.92068124,
          -0.00034171256,
          -0.39031535,
          0,
          -0.1462894,
          0.9268041,
          -0.3458808,
          0,
          0.3618641,
          0.375545,
          0.85324115,
          0,
          0.11457812,
          0.31811333,
          0.5601934,
          1
        ]
      },
      {
        "date" : 759188853.487421,
        "title" : "Untitled",
        "transform" : [
          0.92159325,
          -0.00034171212,
          -0.388157,
          0,
          -0.14863163,
          0.9234721,
          -0.353706,
          0,
          0.35857302,
          0.38366544,
          0.85101473,
          0,
          0.112174675,
          0.32302067,
          0.5578668,
          1
        ]
      },
      {
        "date" : 759187675.585215,
        "title" : "Untitled",
        "transform" : [
          0.94924885,
          -0.0003417129,
          -0.31452587,
          0,
          -0.1336149,
          0.90484226,
          -0.40423694,
          0,
          0.28473443,
          0.42574677,
          0.85887474,
          0,
          0.06313207,
          0.34833613,
          0.55028826,
          1
        ]
      },
      {
        "date" : 759095296.779398,
        "title" : "Untitled",
        "transform" : [
          0.99348325,
          4.814865e-10,
          -0.11397781,
          0,
          -0.06067724,
          0.8465181,
          -0.52889097,
          0,
          0.09648427,
          0.5323601,
          0.84100163,
          0,
          0.1178007,
          0.6499747,
          1.0268053,
          1
        ]
      },
      {
        "date" : 759095290.212574,
        "title" : "Untitled",
        "transform" : [
          1,
          0,
          0,
          0,
          0,
          0.7071069,
          -0.70710677,
          0,
          0,
          0.70710677,
          0.7071069,
          0,
          0,
          0.86332834,
          0.86332923,
          1
        ]
      }
    ],
    "12B1BFDE-D45B-4A19-958C-624E0EE55CAE" : [
      {
        "date" : 754258485.397322,
        "title" : "Untitled",
        "transform" : [
          0.9994281,
          -5.188813e-09,
          0.033817146,
          0,
          0.018401396,
          0.8389916,
          -0.5438332,
          0,
          -0.028372306,
          0.54414433,
          0.8385118,
          0,
          -1.2138375,
          4.4215283,
          6.907244,
          1
        ]
      },
      {
        "date" : 754258471.19021,
        "title" : "Untitled",
        "transform" : [
          0.9940788,
          -5.605551e-09,
          0.10866051,
          0,
          0.069725536,
          0.7669704,
          -0.63788295,
          0,
          -0.08333942,
          0.6416823,
          0.76242924,
          0,
          -1.6210384,
          5.134025,
          6.430901,
          1
        ]
      },
      {
        "date" : 754258441.531246,
        "title" : "Untitled",
        "transform" : [
          0.9913588,
          -5.4146696e-09,
          0.13117874,
          0,
          0.07812212,
          0.8033261,
          -0.5903934,
          0,
          -0.1053793,
          0.59553945,
          0.79638433,
          0,
          -1.7804965,
          4.796202,
          6.663757,
          1
        ]
      },
      {
        "date" : 754258438.265157,
        "title" : "Untitled",
        "transform" : [
          0.9995524,
          -1.0111092e-09,
          -0.029916791,
          0,
          -0.029284252,
          0.20454754,
          -0.9784185,
          0,
          0.0061194105,
          0.9788566,
          0.2044561,
          0,
          -0.9544605,
          7.701033,
          2.5499663,
          1
        ]
      },
      {
        "date" : 754258329.478276,
        "title" : "Untitled",
        "transform" : [
          0.99945027,
          -1.0510739e-09,
          0.033154123,
          0,
          0.017440815,
          0.8504518,
          -0.5257637,
          0,
          -0.02819598,
          0.52605283,
          0.8499843,
          0,
          -1.2541168,
          3.714931,
          6.733717,
          1
        ]
      },
      {
        "date" : 754258326.882616,
        "title" : "Untitled",
        "transform" : [
          0.99945027,
          -1.0510739e-09,
          0.033154123,
          0,
          0.017440815,
          0.8504518,
          -0.5257637,
          0,
          -0.02819598,
          0.52605283,
          0.8499843,
          0,
          -0.105318904,
          5.9987974,
          5.3583465,
          1
        ]
      },
      {
        "date" : 754258165.661129,
        "title" : "Untitled",
        "transform" : [
          0.99969345,
          -7.209843e-11,
          -0.024757862,
          0,
          -0.024372643,
          0.17571944,
          -0.98413855,
          0,
          0.004350442,
          0.98444027,
          0.1756656,
          0,
          0.023020804,
          6.5107274,
          0.33493507,
          1
        ]
      },
      {
        "date" : 754258160.375607,
        "title" : "Untitled",
        "transform" : [
          0.9998197,
          7.536898e-10,
          -0.018983778,
          0,
          -0.009600166,
          0.8627072,
          -0.5056123,
          0,
          0.016377447,
          0.50570345,
          0.8625518,
          0,
          0.13313049,
          4.0511174,
          4.3390493,
          1
        ]
      },
      {
        "date" : 754258151.593718,
        "title" : "Untitled",
        "transform" : [
          0.9999882,
          2.4581448e-11,
          -0.004848648,
          0,
          -0.0048430883,
          0.047870863,
          -0.9988417,
          0,
          0.00023210901,
          0.9988535,
          0.047870353,
          0,
          0.05175495,
          6.48428,
          0.1755082,
          1
        ]
      },
      {
        "date" : 754258149.866411,
        "title" : "Untitled",
        "transform" : [
          0.9999882,
          2.4581448e-11,
          -0.004848648,
          0,
          -0.0048430883,
          0.047870863,
          -0.9988417,
          0,
          0.00023210904,
          0.9988536,
          0.04787036,
          0,
          0.066147804,
          6.499966,
          -0.15185815,
          1
        ]
      }
    ],
    "13ADCE7E-5D72-4DAD-8B3A-EEF958B3B1AF" : [
      {
        "date" : 761742856.831574,
        "title" : "Untitled",
        "transform" : [
          0.9904705,
          9.698607e-10,
          0.13772471,
          0,
          0.031531528,
          0.9734391,
          -0.22676453,
          0,
          -0.13406657,
          0.22894621,
          0.9641627,
          0,
          -0.002766908,
          0.29376492,
          0.6588934,
          1
        ]
      },
      {
        "date" : 761742850.365412,
        "title" : "Untitled",
        "transform" : [
          0.9903886,
          7.7002815e-10,
          0.13831368,
          0,
          0.04312302,
          0.95015514,
          -0.30878058,
          0,
          -0.1314194,
          0.3117772,
          0.9410228,
          0,
          -0.00053264,
          0.33197293,
          0.6584193,
          1
        ]
      },
      {
        "date" : 761645337.822479,
        "title" : "Untitled",
        "transform" : [
          0.9869291,
          9.783623e-10,
          0.16115543,
          0,
          0.057861287,
          0.9333221,
          -0.35434747,
          0,
          -0.15040985,
          0.3590404,
          0.9211226,
          0,
          -0.1764626,
          0.508338,
          1.0806633,
          1
        ]
      },
      {
        "date" : 761645323.572936,
        "title" : "Untitled",
        "transform" : [
          0.9637149,
          4.2322146e-10,
          -0.26693398,
          0,
          -0.13922963,
          0.85319746,
          -0.50266224,
          0,
          0.2277474,
          0.5215881,
          0.822239,
          0,
          0.26299593,
          0.6976089,
          0.9495023,
          1
        ]
      },
      {
        "date" : 761644978.57623,
        "title" : "Untitled",
        "transform" : [
          0.999997,
          5.73893e-11,
          0.0024396614,
          0,
          0.0011138908,
          0.88968444,
          -0.45657468,
          0,
          -0.002170529,
          0.45657596,
          0.8896818,
          0,
          -0.0025251755,
          0.62226963,
          1.0344824,
          1
        ]
      },
      {
        "date" : 761644976.666541,
        "title" : "Untitled",
        "transform" : [
          1,
          0,
          -0,
          0,
          -0,
          0.7071069,
          -0.7071067,
          0,
          0,
          0.7071067,
          0.7071069,
          0,
          -1.3813152e-06,
          0.90918463,
          0.7942059,
          1
        ]
      }
    ],
    "19A29DB9-F5F8-4690-950D-0E1FF2EBAC42" : [
      {
        "date" : 761645379.28879,
        "title" : "Untitled",
        "transform" : [
          0.99993265,
          -4.7737516e-09,
          0.011610993,
          0,
          0.0024864676,
          0.97680104,
          -0.21413456,
          0,
          -0.011341633,
          0.21414904,
          0.9767351,
          0,
          -0.0027447902,
          0.16457778,
          0.57243896,
          1
        ]
      },
      {
        "date" : 761645366.922172,
        "title" : "Untitled",
        "transform" : [
          0.98003787,
          -4.745647e-09,
          -0.19881104,
          0,
          -0.061559122,
          0.9508551,
          -0.30345526,
          0,
          0.18904047,
          0.30963632,
          0.9318739,
          0,
          0.11383913,
          0.22034463,
          0.54154277,
          1
        ]
      },
      {
        "date" : 761645363.642075,
        "title" : "Untitled",
        "transform" : [
          0.966458,
          0,
          -0.25682455,
          0,
          -0.18160237,
          0.7071069,
          -0.683389,
          0,
          0.1816024,
          0.70710677,
          0.6833891,
          0,
          0.46967828,
          1.8287902,
          1.7674491,
          1
        ]
      }
    ],
    "1A2A2322-EE1E-43EB-B526-B60E3E14BF3C" : [
      {
        "date" : 761645982.428129,
        "title" : "Untitled",
        "transform" : [
          1,
          0,
          0,
          0,
          0,
          0.7071069,
          -0.70710677,
          0,
          0,
          0.70710677,
          0.7071069,
          0,
          0.002308011,
          0.4410887,
          0.44108874,
          1
        ]
      },
      {
        "date" : 761645955.084192,
        "title" : "Untitled",
        "transform" : [
          1,
          0,
          0,
          0,
          0,
          0.7071069,
          -0.70710677,
          0,
          0,
          0.70710677,
          0.7071069,
          0,
          0,
          0.4410887,
          0.44108874,
          1
        ]
      }
    ],
    "1C8A319C-C3C8-4EB5-B82E-7B452D913E6D" : [
      {
        "date" : 761644170.0541,
        "title" : "Untitled",
        "transform" : [
          0.91275954,
          -4.0851265e-09,
          0.4084973,
          0,
          0.10929724,
          0.9635414,
          -0.24421726,
          0,
          -0.39360404,
          0.26755926,
          0.8794816,
          0,
          -14.937345,
          11.757707,
          -2.6014671,
          1
        ]
      },
      {
        "date" : 761586381.403022,
        "title" : "Untitled",
        "transform" : [
          1,
          0,
          0,
          0,
          0,
          1,
          0,
          0,
          0,
          0,
          1,
          0,
          -2.980232e-08,
          1.4999886,
          -35.97795,
          1
        ]
      },
      {
        "date" : 761159634.197028,
        "title" : "Untitled",
        "transform" : [
          1,
          0,
          0,
          0,
          0,
          1,
          0,
          0,
          0,
          0,
          1,
          0,
          0,
          -1.0935522,
          -488.26736,
          1
        ]
      },
      {
        "date" : 761080402.597095,
        "title" : "Untitled",
        "transform" : [
          1,
          0,
          0,
          0,
          0,
          1,
          0,
          0,
          0,
          0,
          1,
          0,
          -7.461273,
          -1.3709068e-05,
          566.12317,
          1
        ]
      },
      {
        "date" : 761080305.774886,
        "title" : "Untitled",
        "transform" : [
          0.9671904,
          1.5555525e-10,
          0.25405237,
          0,
          0.0029843817,
          0.999931,
          -0.011361694,
          0,
          -0.25403488,
          0.011747111,
          0.9671237,
          0,
          -209.53845,
          11.281986,
          -23.255188,
          1
        ]
      },
      {
        "date" : 761080303.878002,
        "title" : "Untitled",
        "transform" : [
          0.9466858,
          1.3768159e-10,
          0.3221583,
          0,
          0.003910264,
          0.9999264,
          -0.011490596,
          0,
          -0.32213458,
          0.012137708,
          0.9466161,
          0,
          -265.80173,
          11.603722,
          -39.58429,
          1
        ]
      },
      {
        "date" : 761080292.868871,
        "title" : "Untitled",
        "transform" : [
          0.9489348,
          5.1958444e-11,
          0.31547236,
          0,
          -0.0038565383,
          0.99992526,
          0.011600393,
          0,
          -0.31544876,
          -0.012224647,
          0.9488638,
          0,
          66.35268,
          -3.651125,
          -67.325386,
          1
        ]
      },
      {
        "date" : 761080289.01843,
        "title" : "Untitled",
        "transform" : [
          0.960791,
          1.5399622e-10,
          0.2772735,
          0,
          -0.0033893804,
          0.99992526,
          0.0117446715,
          0,
          -0.27725276,
          -0.012223961,
          0.9607192,
          0,
          96.46947,
          -3.6274624,
          -70.919495,
          1
        ]
      },
      {
        "date" : 761080132.770511,
        "title" : "Untitled",
        "transform" : [
          0.93062085,
          1.9309904e-10,
          0.36598456,
          0,
          -0.0023798922,
          0.99997884,
          0.0060515595,
          0,
          -0.3659768,
          -0.0065027117,
          0.93060124,
          0,
          25.756372,
          0.33467582,
          -64.52283,
          1
        ]
      },
      {
        "date" : 761080129.822647,
        "title" : "Untitled",
        "transform" : [
          0.67176455,
          -4.375106e-09,
          0.7407648,
          0,
          0.088401444,
          0.9928537,
          -0.08016708,
          0,
          -0.73547107,
          0.11933807,
          0.6669639,
          0,
          51.32387,
          -8.407082,
          -46.063866,
          1
        ]
      }
    ],
    "1D0A9B55-48B7-4EF3-8FA7-907F78E46CB7" : [
      {
        "date" : 761702121.831578,
        "title" : "Untitled",
        "transform" : [
          0.35705143,
          1.6915613e-09,
          0.9340847,
          0,
          0.69844425,
          0.6640015,
          -0.2669785,
          0,
          -0.62023365,
          0.7477312,
          0.23708276,
          0,
          -4.286267,
          5.6097875,
          1.776281,
          1
        ]
      },
      {
        "date" : 761697049.867041,
        "title" : "Untitled",
        "transform" : [
          0.79498285,
          1.6905751e-09,
          0.6066319,
          0,
          0.45345417,
          0.6642676,
          -0.59424555,
          0,
          -0.40296587,
          0.7474948,
          0.5280814,
          0,
          -3.1065311,
          5.6082315,
          3.8785114,
          1
        ]
      },
      {
        "date" : 761697046.424892,
        "title" : "Untitled",
        "transform" : [
          0.79498285,
          1.6905751e-09,
          0.6066319,
          0,
          0.45345417,
          0.6642676,
          -0.59424555,
          0,
          -0.40296587,
          0.7474948,
          0.5280814,
          0,
          -3.7818484,
          4.4829216,
          4.9560604,
          1
        ]
      }
    ],
    "1D572CEB-057A-41C3-B575-04C37501A3C0" : [
      {
        "date" : 754181921.961102,
        "title" : "Untitled",
        "transform" : [
          0.99585485,
          1.9954836e-09,
          0.09095718,
          0,
          0.025255002,
          0.96068,
          -0.27650708,
          0,
          -0.08738075,
          0.27765805,
          0.95669776,
          0,
          0.32849646,
          2.0215478,
          1.4880128,
          1
        ]
      },
      {
        "date" : 754181917.010544,
        "title" : "Untitled",
        "transform" : [
          0.99585485,
          1.9954836e-09,
          0.09095718,
          0,
          0.025255002,
          0.96068,
          -0.27650708,
          0,
          -0.08738075,
          0.27765805,
          0.95669776,
          0,
          0.7778249,
          1.7528127,
          1.6070464,
          1
        ]
      },
      {
        "date" : 754181912.244242,
        "title" : "Untitled",
        "transform" : [
          0.9395801,
          1.6762207e-09,
          0.34232908,
          0,
          0.1194952,
          0.93709844,
          -0.32797477,
          0,
          -0.32079607,
          0.3490653,
          0.8804791,
          0,
          -0.59682405,
          2.153633,
          1.4671137,
          1
        ]
      },
      {
        "date" : 754181894.736458,
        "title" : "Untitled",
        "transform" : [
          0.99891615,
          5.545696e-10,
          0.04654588,
          0,
          0.013437841,
          0.95741934,
          -0.28838807,
          0,
          -0.044563923,
          0.288701,
          0.9563817,
          0,
          0.40790898,
          1.9365734,
          1.6829755,
          1
        ]
      },
      {
        "date" : 754000231.605645,
        "title" : "Untitled",
        "transform" : [
          0.99891615,
          5.545696e-10,
          0.04654588,
          0,
          0.013437841,
          0.95741934,
          -0.28838807,
          0,
          -0.044563923,
          0.288701,
          0.9563817,
          0,
          -0.17308909,
          1.8135018,
          -0.41950083,
          1
        ]
      },
      {
        "date" : 754000228.969316,
        "title" : "Untitled",
        "transform" : [
          0.99891615,
          1.0202309e-09,
          0.04654588,
          0,
          0.01343784,
          0.95741934,
          -0.28838807,
          0,
          -0.044563923,
          0.288701,
          0.9563817,
          0,
          -0.51024634,
          1.5478224,
          -1.5475029,
          1
        ]
      },
      {
        "date" : 753991286.750792,
        "title" : "Untitled",
        "transform" : [
          0.99891615,
          2.745367e-09,
          0.046545886,
          0,
          0.013437844,
          0.95741934,
          -0.2883881,
          0,
          -0.044563916,
          0.28870106,
          0.9563816,
          0,
          0.37164867,
          2.304093,
          1.1674486,
          1
        ]
      },
      {
        "date" : 753991282.952562,
        "title" : "Untitled",
        "transform" : [
          0.99891615,
          2.745367e-09,
          0.046545886,
          0,
          0.013437844,
          0.95741934,
          -0.2883881,
          0,
          -0.044563916,
          0.28870106,
          0.9563816,
          0,
          -1.0694045,
          11.331973,
          31.115986,
          1
        ]
      },
      {
        "date" : 753991281.001581,
        "title" : "Untitled",
        "transform" : [
          0.99672586,
          3.480011e-09,
          0.08085268,
          0,
          -0.06763591,
          0.5479173,
          0.83379364,
          0,
          -0.04430058,
          -0.83653235,
          0.54612345,
          0,
          -1.0591943,
          -27.034817,
          17.108236,
          1
        ]
      },
      {
        "date" : 753991279.132342,
        "title" : "Untitled",
        "transform" : [
          0.9937133,
          4.6508175e-09,
          0.11195445,
          0,
          0.04036545,
          0.93273896,
          -0.35828578,
          0,
          -0.104424275,
          0.36055246,
          0.9268751,
          0,
          -5.359513,
          21.431496,
          49.790924,
          1
        ]
      }
    ],
    "1EBF1622-190B-43A7-845E-9B82B5A7A908" : [
      {
        "date" : 755680981.925996,
        "title" : "Untitled",
        "transform" : [
          -0.116757974,
          -3.6411773e-08,
          0.99316037,
          0,
          0.3554769,
          0.9337504,
          0.041790634,
          0,
          -0.9273637,
          0.35792494,
          -0.10902284,
          0,
          -1.625805,
          0.5959773,
          -0.14822514,
          1
        ]
      },
      {
        "date" : 755680941.142614,
        "title" : "Untitled",
        "transform" : [
          -0.12149414,
          -3.6670368e-08,
          0.99259216,
          0,
          0.27296126,
          0.96144474,
          0.03341074,
          0,
          -0.95432234,
          0.27499843,
          -0.11680993,
          0,
          -1.6705587,
          0.451153,
          -0.16154541,
          1
        ]
      },
      {
        "date" : 755680809.54486,
        "title" : "Untitled",
        "transform" : [
          0.19493583,
          -3.0829398e-08,
          0.980816,
          0,
          -0.13225847,
          0.99086666,
          0.026286231,
          0,
          -0.97185785,
          -0.13484535,
          0.19315535,
          0,
          -1.7087941,
          -0.105059415,
          0.34325457,
          1
        ]
      },
      {
        "date" : 755680746.161811,
        "title" : "Untitled",
        "transform" : [
          0.19493583,
          -3.0829398e-08,
          0.980816,
          0,
          -0.13225847,
          0.99086666,
          0.026286231,
          0,
          -0.97185785,
          -0.13484535,
          0.19315535,
          0,
          -1.7039325,
          -0.13249531,
          0.34856123,
          1
        ]
      },
      {
        "date" : 755680612.595046,
        "title" : "Untitled",
        "transform" : [
          0.08436987,
          -3.0822374e-08,
          0.9964345,
          0,
          0.6075006,
          0.79265195,
          -0.051438123,
          0,
          -0.78982574,
          0.6096744,
          0.066875905,
          0,
          -1.3937197,
          1.0124742,
          0.15008445,
          1
        ]
      },
      {
        "date" : 755680489.596931,
        "title" : "Untitled",
        "transform" : [
          0.08436987,
          -3.0822374e-08,
          0.9964345,
          0,
          0.6075006,
          0.79265195,
          -0.051438123,
          0,
          -0.78982574,
          0.6096744,
          0.066875905,
          0,
          -0.85705185,
          0.49900225,
          -0.09618181,
          1
        ]
      },
      {
        "date" : 755680482.14642,
        "title" : "Untitled",
        "transform" : [
          -0.26997516,
          -3.06203e-08,
          0.9628673,
          0,
          0.09236947,
          0.9953879,
          0.0258992,
          0,
          -0.9584265,
          0.09593169,
          -0.26873004,
          0,
          -1.0145423,
          0.07525416,
          -0.37474352,
          1
        ]
      },
      {
        "date" : 755680461.496359,
        "title" : "Untitled",
        "transform" : [
          0.02109009,
          -3.057255e-08,
          0.9997776,
          0,
          0.04868605,
          0.99881357,
          -0.0010269895,
          0,
          -0.9985915,
          0.048696887,
          0.021065056,
          0,
          -0.65071684,
          0.019537795,
          -0.16880874,
          1
        ]
      },
      {
        "date" : 755680448.94676,
        "title" : "Untitled",
        "transform" : [
          -0.029870419,
          -3.057225e-08,
          0.9995538,
          0,
          0.04816058,
          0.9988385,
          0.0014392509,
          0,
          -0.9983929,
          0.048182085,
          -0.029835738,
          0,
          -0.6522206,
          0.019309934,
          -0.19134538,
          1
        ]
      },
      {
        "date" : 755680444.015197,
        "title" : "Untitled",
        "transform" : [
          -0.028131649,
          -3.057225e-08,
          0.9996042,
          0,
          0.048163008,
          0.9988385,
          0.0013554733,
          0,
          -0.99844325,
          0.048182085,
          -0.028098987,
          0,
          -0.40978527,
          0.009492628,
          -0.18280256,
          1
        ]
      }
    ],
    "213F9A17-9C89-4C24-A4C4-0BE231165FC0" : [
      {
        "date" : 760792967.512197,
        "title" : "Untitled",
        "transform" : [
          0.8142947,
          -5.471529e-09,
          -0.5804517,
          0,
          -0.19914241,
          0.93930554,
          -0.2793697,
          0,
          0.54522145,
          0.34308186,
          0.76487154,
          0,
          0.43337035,
          1.1082563,
          0.49437308,
          1
        ]
      },
      {
        "date" : 760792961.61359,
        "title" : "Untitled",
        "transform" : [
          0.8142947,
          -5.471529e-09,
          -0.5804517,
          0,
          -0.19914241,
          0.93930554,
          -0.2793697,
          0,
          0.54522145,
          0.34308186,
          0.76487154,
          0,
          1.2570765,
          1.5622959,
          1.6140146,
          1
        ]
      },
      {
        "date" : 760792958.229158,
        "title" : "Untitled",
        "transform" : [
          0.8142947,
          -5.471529e-09,
          -0.5804517,
          0,
          -0.19914244,
          0.93930566,
          -0.27936974,
          0,
