{
  "advancedEditorSelectedIdentifier" : "BehaviorsPluginID",
  "openSceneRelativePaths" : [
    "LabAudio.usda"
  ],
  "recentIdentifiers" : {
    "00353439-B084-4161-BDD3-58325B62FD61" : [

    ],
    "02DE6380-0BD9-4479-9A39-522888A9802A" : [

    ],
    "071D5D7A-6594-4D62-93EB-9A979D70B767" : [

    ],
    "085B8DE7-7973-4FC9-A118-90FFC9B739A0" : [

    ],
    "0AF0A357-0045-484F-B3BB-EDFC696C42F1" : [

    ],
    "12B1BFDE-D45B-4A19-958C-624E0EE55CAE" : [

    ],
    "1C8A319C-C3C8-4EB5-B82E-7B452D913E6D" : [

    ],
    "1D572CEB-057A-41C3-B575-04C37501A3C0" : [

    ],
    "1E22C6BA-8D6C-4D81-845F-33A2AC36A43E" : [

    ],
    "1EBF1622-190B-43A7-845E-9B82B5A7A908" : [

    ],
    "213F9A17-9C89-4C24-A4C4-0BE231165FC0" : [

    ],
    "220C04E5-242E-4BBB-82A0-77AFE2744F74" : [

    ],
    "229A9523-9542-4C66-B562-4EEDE849ABB0" : [

    ],
    "23D256D9-0427-40F7-AA1A-1F4F05FBC38B" : [

    ],
    "25C36807-02FB-40AE-8F10-A63952F9AAB4" : [

    ],
    "27EC1142-7EFD-4199-B05B-0A02B9BD5594" : [

    ],
    "2B8A7B8A-B0B5-43FA-97F7-177747415A9E" : [

    ],
    "33C9CB3B-4894-43D7-A977-FB8CF56C278C" : [

    ],
    "34734776-6C43-4EC9-AA2B-F6904B89C1ED" : [

    ],
    "3C484B2E-DEF0-4302-B76F-681C274D34A5" : [

    ],
    "3CD69C7C-DB10-4FEF-95BD-BEF05412DB44" : [

    ],
    "406448A7-0C59-4D68-955C-BBC6143CB9BD" : [

    ],
    "40DE9908-7C57-4F32-BD75-670CF74CF6FB" : [

    ],
    "44F0F50C-ED11-4E8D-8923-F81E82193C26" : [

    ],
    "45709933-837A-4909-9A0B-E4A53344635A" : [

    ],
    "467612E3-5D16-403A-89F3-1731E54DEF12" : [

    ],
    "47EFE14A-AC88-49F4-BFD7-0E8198EB561A" : [

    ],
    "48F594CF-42BB-42B2-80BA-F5796C487D7E" : [

    ],
    "496045F4-3CA9-4D9E-A417-A818651ADBD3" : [

    ],
    "498AD5BF-937A-43BA-B783-AA34F369884E" : [

    ],
    "4A04D785-5FFB-4A07-9F6E-440993DCDF18" : [

    ],
    "4A919CF4-92BB-4C05-A306-0CF10509CB94" : [

    ],
    "4CA88EDC-C2AC-4657-BDA0-19478CDBEBC2" : [

    ],
    "509CB3D5-C5E6-46F2-BB0F-742D659C0595" : [

    ],
    "53EFA8CF-882F-40D4-AC98-163B08FF410F" : [

    ],
    "56899641-3525-43B2-B626-E9AFD02984E4" : [

    ],
    "57FD08C9-7E67-4219-B3A7-E104664C468D" : [

    ],
    "5A285654-8574-4F5E-8283-AB6C523CABE6" : [

    ],
    "5D7F1590-79E1-4777-B5C6-51F43C3CA069" : [

    ],
    "5FE9DC4C-3B69-441C-861D-116BED5D0C64" : [

    ],
    "60FA3AEC-9CFC-46B5-8F0C-FBC195373020" : [

    ],
    "61D3CF0F-BF60-444E-ABBF-60FEF5B7C74D" : [

    ],
    "61D9D8CE-8E1E-43EA-B109-3B7032AED4D0" : [

    ],
    "626F18E0-4467-4447-9B6B-1FA5C9A27F7A" : [

    ],
    "6292CAF4-DC11-4C8E-955F-9E33770D38FA" : [

    ],
    "63133FA1-6801-45B1-97F9-DE5D137C9BAC" : [

    ],
    "66F26E71-E432-4B56-B149-6DFA4900B6D5" : [

    ],
    "67CA2EC8-0442-49EC-8350-5BB0DEEEDCB1" : [

    ],
    "6A4DE9D6-0C97-4C67-A48F-AF868DD22FA4" : [

    ],
    "6AB03649-FA10-403E-82E7-4F053FAAB6F8" : [

    ],
    "6C43F53D-D3EC-4437-8F86-2529DDB36BDB" : [

    ],
    "706605BE-FBD0-43F4-AB2C-3BD965A1F37F" : [

    ],
    "732BFFA5-2E7F-487C-9F77-96943F1ADC77" : [

    ],
    "750A2E14-AE29-479B-9CAA-4075AD7E0432" : [

    ],
    "75B0FA5A-4097-478A-A587-4D3C3A907341" : [

    ],
    "78E418E7-91A8-481F-BC93-1A24A92120DD" : [

    ],
    "7A10AC9D-F4E1-4FB8-A276-43FB7670B088" : [

    ],
    "7D9AFED7-1B0D-4B70-A381-6A517ED33083" : [

    ],
    "8197A29B-0DE4-43E4-8D2B-9F196AADBC27" : [

    ],
    "8219B444-07C8-4845-902E-82B2639E5982" : [

    ],
    "83842D5C-198A-4726-B5EE-0B6435583B6A" : [

    ],
    "86B0E0A1-EF58-441F-9D7F-B8CF97B8CC1D" : [

    ],
    "870875AB-DB74-47D5-B013-9D247D53B42B" : [

    ],
    "8CB1BF4E-533E-44FF-ACAB-46ACA66459D9" : [

    ],
    "8CC68D94-F86D-48AF-AF68-A3F1C2918116" : [

    ],
    "8D199E2A-4553-4E4E-B029-36C04D18F8BF" : [

    ],
    "8F147A5E-21A3-494D-B8D5-156DE567ADE6" : [

    ],
    "9099671A-9052-4BD8-8987-C708BB55235D" : [

    ],
    "91F8D5E9-2D68-4F9A-98DA-7715F504D7BE" : [

    ],
    "93C1F4B5-B1A0-4E35-82A2-69DC5B4F7E49" : [

    ],
    "98251CD2-0571-44AD-9218-C32363A369A4" : [

    ],
    "9A4ACB1F-1DFA-4CE4-89AA-DE3E4B96F3EF" : [

    ],
    "9D4D6878-9C8E-4DE9-942F-5A91B30E9030" : [

    ],
    "9EF619AB-4858-4D5D-A263-E4E7917992F2" : [

    ],
    "9F526DC2-65D4-42AE-A866-B1CA60B3CB10" : [

    ],
    "A0344153-0C3A-4495-8E12-A2FBC95CB674" : [

    ],
    "A1728E79-0E0E-4FC3-BD0D-65A9BB34AE5F" : [

    ],
    "A2548279-DFE4-4531-B168-2F779A16F301" : [

    ],
    "A3DD4248-832E-457D-AECD-261D86190279" : [

    ],
    "A643F656-C52E-4EC5-96FA-92FF1B160B6F" : [

    ],
    "A6DDD216-4E8C-473F-9E77-65D0DC19FB9F" : [

    ],
    "AC1376C1-B192-4224-BA5E-2D696E1137FD" : [

    ],
    "AE533BB1-942B-4D2D-B167-BA29895ECA28" : [

    ],
    "AEA5DE3D-0E82-4D05-A22D-3A0AA6082CC0" : [

    ],
    "AF49E25F-AC15-4878-B4B3-19947607D2F3" : [

    ],
    "B2C4F996-B1F6-42DD-8145-953A9C2CE8FE" : [

    ],
    "B606F14F-8D86-49ED-B806-74E6F091733F" : [

    ],
    "B729A84D-5E60-441C-8733-32AE0ED92DB6" : [

    ],
    "B8BBA38F-5728-478A-97D1-25474906954F" : [

    ],
    "BD788088-AF78-4E90-B9E2-9C6AFFA3C5C5" : [

    ],
    "BF2DFFE7-4D65-4B36-93BC-59AB1E634F70" : [

    ],
    "BF459A8C-B8F8-4740-B757-D14D38D39C3A" : [

    ],
    "BFCB0CEF-5CF3-4739-8164-2ADC216DC579" : [

    ],
    "C09454C0-C79D-45A3-A5CE-E960F7B35B3E" : [

    ],
    "C14E0459-BFF4-4EBA-9D94-495E043E98FB" : [

    ],
    "C19F0FF5-A8EA-41E5-959A-CDD158F57AE5" : [

    ],
    "C277ABE1-3BFD-4251-92D5-6A6293F4B3F2" : [

    ],
    "C3257AE1-7208-4F50-9506-0AEFFE547080" : [

    ],
    "C343AEB2-AEEB-4C32-AAC0-C50F0C75CD82" : [

    ],
    "C432CC64-DB36-44D2-9C41-8BC303A7C806" : [

    ],
    "D2D7A40E-D5BD-42B9-AF9A-BF6A80D45EAE" : [

    ],
    "D682774C-E065-431C-902F-AA4439FBEFE7" : [

    ],
    "D6D9454C-8AC6-4084-B80C-3F0A15609015" : [

    ],
    "DA0531A4-CB58-4DB8-A332-3EBC135B5394" : [

    ],
    "DBDB5E53-2FE2-49F3-95A5-06439F2DF05E" : [

    ],
    "DC2FE990-74D9-40FE-AE3C-1429F643C383" : [

    ],
    "DEB82524-F18E-400D-97A8-A6EB73D3DF32" : [

    ],
    "E01410BB-0E23-4608-8A08-913E348B01AA" : [

    ],
    "E20D5996-7725-4901-B06A-2060E4682C8B" : [

    ],
    "E2AD027D-0D91-4F9B-B113-E36E1C293338" : [

    ],
    "E3047AFB-EC8B-4317-91BE-82294678061D" : [

    ],
    "E40EF00E-764B-485A-A28A-506FC4D0F0F5" : [

    ],
    "E472219C-0FDD-43CD-BFB1-310EDA275CC9" : [

    ],
    "E687C4A0-DDB2-494B-AAA0-62001B95ECF2" : [

    ],
    "E7F652C4-8F80-4891-A3F8-7DBDDE65392E" : [

    ],
    "EA2E4113-A4D6-47AA-AB5D-332F3AD70CCF" : [

    ],
    "EAF05243-9C79-41F3-B966-C46CB6DC3F46" : [

    ],
    "EBD2C2C4-F8A6-4A00-AE11-60EA0C67D78C" : [

    ],
    "ECF4DC85-1C33-4CDE-A78A-D2B66EAD5D0B" : [

    ],
    "F0EFCE72-C355-4F3A-81F1-97C028A7FA90" : [

    ],
    "F3EE1E12-A539-4219-BB72-AE8667A90F1C" : [

    ],
    "F5946F9F-B916-4779-9467-B61B2A2B6E6A" : [

    ],
    "F6113C69-7A5B-4CEA-998E-B732BEEE1A44" : [

    ],
    "F6823F79-E131-4D71-A30C-A15953CF49EC" : [

    ],
    "F6AAB03F-988B-4D00-9D96-9D012184A952" : [

    ],
    "F72A41BF-2FB7-461B-8C49-6F66C0440EDC" : [

    ],
    "F7C7BFF6-0D93-4CBA-8057-D15585DF831F" : [

    ],
    "F9578175-58C4-4E94-8309-15D16777AA7E" : [

    ],
    "F9B882FA-3E96-41FF-9F3A-3160B0CB64D1" : [

    ],
    "FC94C881-21AF-4FA0-80B6-39C7B4C75897" : [

    ]
  },
  "sceneCameraHistory" : {
    "00353439-B084-4161-BDD3-58325B62FD61" : [
      {
        "date" : 755165865.449833,
        "title" : "Untitled",
        "transform" : [
          0.99968153,
          -1.6247226e-09,
          -0.025236608,
          0,
          -0.0059657185,
          0.971658,
          -0.23631585,
          0,
          0.02452135,
          0.23639117,
          0.9713485,
          0,
          0.01730187,
          0.30784303,
          0.6597028,
          1
        ]
      },
      {
        "date" : 755165664.697562,
        "title" : "Untitled",
        "transform" : [
          0.996154,
          -1.4786438e-09,
          0.087618575,
          0,
          0.024010498,
          0.96172,
          -0.27298048,
          0,
          -0.08426455,
          0.27403444,
          0.95802134,
          0,
          -0.0560831,
          0.33329788,
          0.64501286,
          1
        ]
      },
      {
        "date" : 755165638.38201,
        "title" : "Untitled",
        "transform" : [
          0.989134,
          -1.4993538e-09,
          0.14701681,
          0,
          0.036999244,
          0.96781397,
          -0.24893217,
          0,
          -0.14228494,
          0.2516668,
          0.95729774,
          0,
          -0.09565512,
          0.31819963,
          0.6479764,
          1
        ]
      },
      {
        "date" : 755165531.230131,
        "title" : "Untitled",
        "transform" : [
          0.9837049,
          -1.3129933e-09,
          0.1797899,
          0,
          0.047624543,
          0.9642787,
          -0.26057363,
          0,
          -0.17336759,
          0.26489004,
          0.9485658,
          0,
          -0.1163309,
          0.327135,
          0.64009696,
          1
        ]
      },
      {
        "date" : 755165497.412804,
        "title" : "Untitled",
        "transform" : [
          0.9774429,
          3.6656173e-10,
          0.21119969,
          0,
          0.07438723,
          0.93592,
          -0.34426793,
          0,
          -0.19766603,
          0.35221285,
          0.9148084,
          0,
          -0.12985379,
          0.38542458,
          0.60403657,
          1
        ]
      },
      {
        "date" : 755165470.696783,
        "title" : "Untitled",
        "transform" : [
          0.9999932,
          4.148096e-10,
          0.0036881452,
          0,
          0.0013888839,
          0.9263836,
          -0.37657866,
          0,
          -0.003416633,
          0.37658128,
          0.92637736,
          0,
          -0.0015930235,
          0.40145874,
          0.60753816,
          1
        ]
      },
      {
        "date" : 755165466.313187,
        "title" : "Untitled",
        "transform" : [
          0.9999932,
          4.148096e-10,
          0.0036881452,
          0,
          0.0013888839,
          0.9263836,
          -0.37657866,
          0,
          -0.003416633,
          0.37658128,
          0.92637736,
          0,
          -0.0011398137,
          0.18374278,
          0.30903238,
          1
        ]
      },
      {
        "date" : 755165462.463268,
        "title" : "Untitled",
        "transform" : [
          0.9999106,
          4.111777e-10,
          0.0133627625,
          0,
          0.005787877,
          0.90132916,
          -0.43309617,
          0,
          -0.012044245,
          0.43313488,
          0.9012487,
          0,
          -0.0039699045,
          0.20249744,
          0.29705682,
          1
        ]
      },
      {
        "date" : 755165306.062652,
        "title" : "Untitled",
        "transform" : [
          0.9997956,
          4.111777e-10,
          0.02021298,
          0,
          0.008754945,
          0.90132916,
          -0.43304637,
          0,
          -0.018218547,
          0.43313488,
          0.90114504,
          0,
          -0.014142064,
          0.476892,
          0.6995038,
          1
        ]
      },
      {
        "date" : 755165302.347387,
        "title" : "Untitled",
        "transform" : [
          1,
          0,
          -0,
          0,
          -0,
          0.7071069,
          -0.7071067,
          0,
          0,
          0.7071067,
          0.7071069,
          0,
          -1.1920929e-07,
          0.6816267,
          0.5023112,
          1
        ]
      }
    ],
    "085B8DE7-7973-4FC9-A118-90FFC9B739A0" : [
      {
        "date" : 759191244.209797,
        "title" : "Untitled",
        "transform" : [
          0.92068124,
          -0.00034171256,
          -0.39031535,
          0,
          -0.1462894,
          0.9268041,
          -0.3458808,
          0,
          0.3618641,
          0.375545,
          0.85324115,
          0,
          0.11457812,
          0.31811333,
          0.5601934,
          1
        ]
      },
      {
        "date" : 759188853.487421,
        "title" : "Untitled",
        "transform" : [
          0.92159325,
          -0.00034171212,
          -0.388157,
          0,
          -0.14863163,
          0.9234721,
          -0.353706,
          0,
          0.35857302,
          0.38366544,
          0.85101473,
          0,
          0.112174675,
          0.32302067,
          0.5578668,
          1
        ]
      },
      {
        "date" : 759187675.585215,
        "title" : "Untitled",
        "transform" : [
          0.94924885,
          -0.0003417129,
          -0.31452587,
          0,
          -0.1336149,
          0.90484226,
          -0.40423694,
          0,
          0.28473443,
          0.42574677,
          0.85887474,
          0,
          0.06313207,
          0.34833613,
          0.55028826,
          1
        ]
      },
      {
        "date" : 759095296.779398,
        "title" : "Untitled",
        "transform" : [
          0.99348325,
          4.814865e-10,
          -0.11397781,
          0,
          -0.06067724,
          0.8465181,
          -0.52889097,
          0,
          0.09648427,
          0.5323601,
          0.84100163,
          0,
          0.1178007,
          0.6499747,
          1.0268053,
          1
        ]
      },
      {
        "date" : 759095290.212574,
        "title" : "Untitled",
        "transform" : [
          1,
          0,
          0,
          0,
          0,
          0.7071069,
          -0.70710677,
          0,
          0,
          0.70710677,
          0.7071069,
          0,
          0,
          0.86332834,
          0.86332923,
          1
        ]
      }
    ],
    "12B1BFDE-D45B-4A19-958C-624E0EE55CAE" : [
      {
        "date" : 754258485.397322,
        "title" : "Untitled",
        "transform" : [
          0.9994281,
          -5.188813e-09,
          0.033817146,
          0,
          0.018401396,
          0.8389916,
          -0.5438332,
          0,
          -0.028372306,
          0.54414433,
          0.8385118,
          0,
          -1.2138375,
          4.4215283,
          6.907244,
          1
        ]
      },
      {
        "date" : 754258471.19021,
        "title" : "Untitled",
        "transform" : [
          0.9940788,
          -5.605551e-09,
          0.10866051,
          0,
          0.069725536,
          0.7669704,
          -0.63788295,
          0,
          -0.08333942,
          0.6416823,
          0.76242924,
          0,
          -1.6210384,
          5.134025,
          6.430901,
          1
        ]
      },
      {
        "date" : 754258441.531246,
        "title" : "Untitled",
        "transform" : [
          0.9913588,
          -5.4146696e-09,
          0.13117874,
          0,
          0.07812212,
          0.8033261,
          -0.5903934,
          0,
          -0.1053793,
          0.59553945,
          0.79638433,
          0,
          -1.7804965,
          4.796202,
          6.663757,
          1
        ]
      },
      {
        "date" : 754258438.265157,
        "title" : "Untitled",
        "transform" : [
          0.9995524,
          -1.0111092e-09,
          -0.029916791,
          0,
          -0.029284252,
          0.20454754,
          -0.9784185,
          0,
          0.0061194105,
          0.9788566,
          0.2044561,
          0,
          -0.9544605,
          7.701033,
          2.5499663,
          1
        ]
      },
      {
        "date" : 754258329.478276,
        "title" : "Untitled",
        "transform" : [
          0.99945027,
          -1.0510739e-09,
          0.033154123,
          0,
          0.017440815,
          0.8504518,
          -0.5257637,
          0,
          -0.02819598,
          0.52605283,
          0.8499843,
          0,
          -1.2541168,
          3.714931,
          6.733717,
          1
        ]
      },
      {
        "date" : 754258326.882616,
        "title" : "Untitled",
        "transform" : [
          0.99945027,
          -1.0510739e-09,
          0.033154123,
          0,
          0.017440815,
          0.8504518,
          -0.5257637,
          0,
          -0.02819598,
          0.52605283,
          0.8499843,
          0,
          -0.105318904,
          5.9987974,
          5.3583465,
          1
        ]
      },
      {
        "date" : 754258165.661129,
        "title" : "Untitled",
        "transform" : [
          0.99969345,
          -7.209843e-11,
          -0.024757862,
          0,
          -0.024372643,
          0.17571944,
          -0.98413855,
          0,
          0.004350442,
          0.98444027,
          0.1756656,
          0,
          0.023020804,
          6.5107274,
          0.33493507,
          1
        ]
      },
      {
        "date" : 754258160.375607,
        "title" : "Untitled",
        "transform" : [
          0.9998197,
          7.536898e-10,
          -0.018983778,
          0,
          -0.009600166,
          0.8627072,
          -0.5056123,
          0,
          0.016377447,
          0.50570345,
          0.8625518,
          0,
          0.13313049,
          4.0511174,
          4.3390493,
          1
        ]
      },
      {
        "date" : 754258151.593718,
        "title" : "Untitled",
        "transform" : [
          0.9999882,
          2.4581448e-11,
          -0.004848648,
          0,
          -0.0048430883,
          0.047870863,
          -0.9988417,
          0,
          0.00023210901,
          0.9988535,
          0.047870353,
          0,
          0.05175495,
          6.48428,
          0.1755082,
          1
        ]
      },
      {
        "date" : 754258149.866411,
        "title" : "Untitled",
        "transform" : [
          0.9999882,
          2.4581448e-11,
          -0.004848648,
          0,
          -0.0048430883,
          0.047870863,
          -0.9988417,
          0,
          0.00023210904,
          0.9988536,
          0.04787036,
          0,
          0.066147804,
          6.499966,
          -0.15185815,
          1
        ]
      }
    ],
    "1C8A319C-C3C8-4EB5-B82E-7B452D913E6D" : [
      {
        "date" : 760317843.305589,
        "title" : "Untitled",
        "transform" : [
          0.95575327,
          -2.409644e-08,
          0.2941697,
          0,
          0.041331787,
          0.9900803,
          -0.13428631,
          0,
          -0.29125157,
          0.14050314,
          0.94627243,
          0,
          -3.746569,
          0.826365,
          2.4817924,
          1
        ]
      },
      {
        "date" : 760317838.92764,
        "title" : "Untitled",
        "transform" : [
          0.95575327,
          -2.409644e-08,
          0.2941697,
          0,
          0.041331787,
          0.9900803,
          -0.13428631,
          0,
          -0.29125157,
          0.14050314,
          0.94627243,
          0,
          -16.229904,
          3.5797617,
          10.75097,
          1
        ]
      },
      {
        "date" : 760317837.078377,
        "title" : "Untitled",
        "transform" : [
          0.95575327,
          -2.1885555e-08,
          0.2941697,
          0,
          0.041331787,
          0.9900803,
          -0.13428633,
          0,
          -0.29125157,
          0.14050315,
          0.94627243,
          0,
          0.2740403,
          1.4736552,
          -7.9580984,
          1
        ]
      },
      {
        "date" : 760317814.523718,
        "title" : "Untitled",
        "transform" : [
          0.95575327,
          -2.1885555e-08,
          0.2941697,
          0,
          0.041331787,
          0.9900803,
          -0.13428633,
          0,
          -0.29125157,
          0.14050315,
          0.94627243,
          0,
          0.33445528,
          1.4678475,
          -8.169322,
          1
        ]
      },
      {
        "date" : 760317809.416905,
        "title" : "Untitled",
        "transform" : [
          0.95575327,
          -1.3525613e-08,
          0.29416972,
          0,
          0.04133179,
          0.9900803,
          -0.13428636,
          0,
          -0.2912516,
          0.14050318,
          0.94627243,
          0,
          -0.56470937,
          2.8773134,
          -5.785928,
          1
        ]
      },
      {
        "date" : 760317806.363715,
        "title" : "Untitled",
        "transform" : [
          0.95575327,
          -8.890961e-09,
          0.29416975,
          0,
          0.0413318,
          0.9900803,
          -0.13428639,
          0,
          -0.2912516,
          0.1405032,
          0.9462723,
          0,
          -0.64760303,
          1.6112547,
          -6.2859573,
          1
        ]
      },
      {
        "date" : 760101256.964187,
        "title" : "Untitled",
        "transform" : [
          0.95575315,
          -2.099057e-09,
          0.29416978,
          0,
          0.041331805,
          0.99008024,
          -0.1342864,
          0,
          -0.2912517,
          0.14050323,
          0.9462723,
          0,
          -7.517694,
          6.4394546,
          24.424873,
          1
        ]
      },
      {
        "date" : 760101251.847176,
        "title" : "Untitled",
        "transform" : [
          1,
          0,
          0,
          0,
          0,
          1,
          0,
          0,
          0,
          0,
          1,
          0,
          0,
          2.799808,
          25.996132,
          1
        ]
      },
      {
        "date" : 760101226.714801,
        "title" : "Untitled",
        "transform" : [
          0.9988233,
          -7.742441e-11,
          0.04849935,
          0,
          0.0007444,
          0.9998822,
          -0.015330598,
          0,
          -0.048493635,
          0.015348661,
          0.99870557,
          0,
          -32.4911,
          14.440129,
          515.2345,
          1
        ]
      },
      {
        "date" : 760101216.699273,
        "title" : "Untitled",
        "transform" : [
          0.99988824,
          3.582466e-12,
          -0.014952282,
          0,
          0.00014292407,
          0.9999543,
          0.009557611,
          0,
          0.014951599,
          -0.009558681,
          0.9998426,
          0,
          0.2579217,
          1.5793253,
          516.4574,
          1
        ]
      }
    ],
    "1D572CEB-057A-41C3-B575-04C37501A3C0" : [
      {
        "date" : 754181921.961102,
        "title" : "Untitled",
        "transform" : [
          0.99585485,
          1.9954836e-09,
          0.09095718,
          0,
          0.025255002,
          0.96068,
          -0.27650708,
          0,
          -0.08738075,
          0.27765805,
          0.95669776,
          0,
          0.32849646,
          2.0215478,
          1.4880128,
          1
        ]
      },
      {
        "date" : 754181917.010544,
        "title" : "Untitled",
        "transform" : [
          0.99585485,
          1.9954836e-09,
          0.09095718,
          0,
          0.025255002,
          0.96068,
          -0.27650708,
          0,
          -0.08738075,
          0.27765805,
          0.95669776,
          0,
          0.7778249,
          1.7528127,
          1.6070464,
          1
        ]
      },
      {
        "date" : 754181912.244242,
        "title" : "Untitled",
        "transform" : [
          0.9395801,
          1.6762207e-09,
          0.34232908,
          0,
          0.1194952,
          0.93709844,
          -0.32797477,
          0,
          -0.32079607,
          0.3490653,
          0.8804791,
          0,
          -0.59682405,
          2.153633,
          1.4671137,
          1
        ]
      },
      {
        "date" : 754181894.736458,
        "title" : "Untitled",
        "transform" : [
          0.99891615,
          5.545696e-10,
          0.04654588,
          0,
          0.013437841,
          0.95741934,
          -0.28838807,
          0,
          -0.044563923,
          0.288701,
          0.9563817,
          0,
          0.40790898,
          1.9365734,
          1.6829755,
          1
        ]
      },
      {
        "date" : 754000231.605645,
        "title" : "Untitled",
        "transform" : [
          0.99891615,
          5.545696e-10,
          0.04654588,
          0,
          0.013437841,
          0.95741934,
          -0.28838807,
          0,
          -0.044563923,
          0.288701,
          0.9563817,
          0,
          -0.17308909,
          1.8135018,
          -0.41950083,
          1
        ]
      },
      {
        "date" : 754000228.969316,
        "title" : "Untitled",
        "transform" : [
          0.99891615,
          1.0202309e-09,
          0.04654588,
          0,
          0.01343784,
          0.95741934,
          -0.28838807,
          0,
          -0.044563923,
          0.288701,
          0.9563817,
          0,
          -0.51024634,
          1.5478224,
          -1.5475029,
          1
        ]
      },
      {
        "date" : 753991286.750792,
        "title" : "Untitled",
        "transform" : [
          0.99891615,
          2.745367e-09,
          0.046545886,
          0,
          0.013437844,
          0.95741934,
          -0.2883881,
          0,
          -0.044563916,
          0.28870106,
          0.9563816,
          0,
          0.37164867,
          2.304093,
          1.1674486,
          1
        ]
      },
      {
        "date" : 753991282.952562,
        "title" : "Untitled",
        "transform" : [
          0.99891615,
          2.745367e-09,
          0.046545886,
          0,
          0.013437844,
          0.95741934,
          -0.2883881,
          0,
          -0.044563916,
          0.28870106,
          0.9563816,
          0,
          -1.0694045,
          11.331973,
          31.115986,
          1
        ]
      },
      {
        "date" : 753991281.001581,
        "title" : "Untitled",
        "transform" : [
          0.99672586,
          3.480011e-09,
          0.08085268,
          0,
          -0.06763591,
          0.5479173,
          0.83379364,
          0,
          -0.04430058,
          -0.83653235,
          0.54612345,
          0,
          -1.0591943,
          -27.034817,
          17.108236,
          1
        ]
      },
      {
        "date" : 753991279.132342,
        "title" : "Untitled",
        "transform" : [
          0.9937133,
          4.6508175e-09,
          0.11195445,
          0,
          0.04036545,
          0.93273896,
          -0.35828578,
          0,
          -0.104424275,
          0.36055246,
          0.9268751,
          0,
          -5.359513,
          21.431496,
          49.790924,
          1
        ]
      }
    ],
    "1EBF1622-190B-43A7-845E-9B82B5A7A908" : [
      {
        "date" : 755680981.925996,
        "title" : "Untitled",
        "transform" : [
          -0.116757974,
          -3.6411773e-08,
          0.99316037,
          0,
          0.3554769,
          0.9337504,
          0.041790634,
          0,
          -0.9273637,
          0.35792494,
          -0.10902284,
          0,
          -1.625805,
          0.5959773,
          -0.14822514,
          1
        ]
      },
      {
        "date" : 755680941.142614,
        "title" : "Untitled",
        "transform" : [
          -0.12149414,
          -3.6670368e-08,
          0.99259216,
          0,
          0.27296126,
          0.96144474,
          0.03341074,
          0,
          -0.95432234,
          0.27499843,
          -0.11680993,
          0,
          -1.6705587,
          0.451153,
          -0.16154541,
          1
        ]
      },
      {
        "date" : 755680809.54486,
        "title" : "Untitled",
        "transform" : [
          0.19493583,
          -3.0829398e-08,
          0.980816,
          0,
          -0.13225847,
          0.99086666,
          0.026286231,
          0,
          -0.97185785,
          -0.13484535,
          0.19315535,
          0,
          -1.7087941,
          -0.105059415,
          0.34325457,
          1
        ]
      },
      {
        "date" : 755680746.161811,
        "title" : "Untitled",
        "transform" : [
          0.19493583,
          -3.0829398e-08,
          0.980816,
          0,
          -0.13225847,
          0.99086666,
          0.026286231,
          0,
          -0.97185785,
          -0.13484535,
          0.19315535,
          0,
          -1.7039325,
          -0.13249531,
          0.34856123,
          1
        ]
      },
      {
        "date" : 755680612.595046,
        "title" : "Untitled",
        "transform" : [
          0.08436987,
          -3.0822374e-08,
          0.9964345,
          0,
          0.6075006,
          0.79265195,
          -0.051438123,
          0,
          -0.78982574,
          0.6096744,
          0.066875905,
          0,
          -1.3937197,
          1.0124742,
          0.15008445,
          1
        ]
      },
      {
        "date" : 755680489.596931,
        "title" : "Untitled",
        "transform" : [
          0.08436987,
          -3.0822374e-08,
          0.9964345,
          0,
          0.6075006,
          0.79265195,
          -0.051438123,
          0,
          -0.78982574,
          0.6096744,
          0.066875905,
          0,
          -0.85705185,
          0.49900225,
          -0.09618181,
          1
        ]
      },
      {
        "date" : 755680482.14642,
        "title" : "Untitled",
        "transform" : [
          -0.26997516,
          -3.06203e-08,
          0.9628673,
          0,
          0.09236947,
          0.9953879,
          0.0258992,
          0,
          -0.9584265,
          0.09593169,
          -0.26873004,
          0,
          -1.0145423,
          0.07525416,
          -0.37474352,
          1
        ]
      },
      {
        "date" : 755680461.496359,
        "title" : "Untitled",
        "transform" : [
          0.02109009,
          -3.057255e-08,
          0.9997776,
          0,
          0.04868605,
          0.99881357,
          -0.0010269895,
          0,
          -0.9985915,
          0.048696887,
          0.021065056,
          0,
          -0.65071684,
          0.019537795,
          -0.16880874,
          1
        ]
      },
      {
        "date" : 755680448.94676,
        "title" : "Untitled",
        "transform" : [
          -0.029870419,
          -3.057225e-08,
          0.9995538,
          0,
          0.04816058,
          0.9988385,
          0.0014392509,
          0,
          -0.9983929,
          0.048182085,
          -0.029835738,
          0,
          -0.6522206,
          0.019309934,
          -0.19134538,
          1
        ]
      },
      {
        "date" : 755680444.015197,
        "title" : "Untitled",
        "transform" : [
          -0.028131649,
          -3.057225e-08,
          0.9996042,
          0,
          0.048163008,
          0.9988385,
          0.0013554733,
          0,
          -0.99844325,
          0.048182085,
          -0.028098987,
          0,
          -0.40978527,
          0.009492628,
          -0.18280256,
          1
        ]
      }
    ],
    "213F9A17-9C89-4C24-A4C4-0BE231165FC0" : [
      {
        "date" : 759949211.830637,
        "title" : "Untitled",
        "transform" : [
          0.95562935,
          -1.0579881e-08,
          0.294572,
          0,
          0.13838665,
          0.8827789,
          -0.44894403,
          0,
          -0.2600419,
          0.4697889,
          0.84360933,
          0,
          -0.5408612,
          1.7360237,
          1.7776985,
          1
        ]
      },
      {
        "date" : 759949207.876782,
        "title" : "Untitled",
        "transform" : [
          0.9556293,
          3.0796556e-09,
          0.294572,
          0,
          0.13838667,
          0.8827789,
          -0.44894406,
          0,
          -0.26004192,
          0.46978888,
          0.8436094,
          0,
          -0.67254645,
          1.2150149,
          2.1818268,
          1
        ]
      }
    ],
    "220C04E5-242E-4BBB-82A0-77AFE2744F74" : [
      {
        "date" : 758788576.505232,
        "title" : "Untitled",
        "transform" : [
          0.99448955,
          -9.283946e-11,
          -0.10483522,
          0,
          0.008375694,
          0.99680334,
          0.07945364,
          0,
          0.10450011,
          -0.079893894,
          0.9913106,
          0,
          -0.10449962,
          1.679893,
          2.0086973,
          1
        ]
      },
      {
        "date" : 758788545.239188,
        "title" : "Untitled",
        "transform" : [
          0.9397743,
          2.221626e-09,
          0.34179565,
          0,
          0.07370902,
          0.97647023,
          -0.20266448,
          0,
          -0.3337533,
          0.21565229,
          0.9176616,
          0,
          -0.4495957,
          1.8895985,
          1.8973732,
          1
        ]
      },
      {
        "date" : 758022541.89006,
        "title" : "Untitled",
        "transform" : [
          0.999964,
          0,
          0.008483785,
          0,
          0,
          1,
          0,
          0,
          -0.008483785,
          0,
          0.999964,
          0,
          -0.006191633,
          1.5633247,
          -11.060911,
          1
        ]
      },
      {
        "date" : 758022538.888796,
        "title" : "Untitled",
        "transform" : [
          1,
          0,
          0,
          0,
          0,
          1,
          0,
          0,
          0,
          0,
          1,
          0,
          0.0009036064,
          1.532226,
          -11.522088,
          1
        ]
      },
      {
        "date" : 758020883.665848,
        "title" : "Untitled",
        "transform" : [
          0.98530465,
          3.0078553e-09,
          0.17080554,
          0,
          0.03159578,
          0.98274213,
          -0.18226272,
          0,
          -0.16785778,
          0.18498103,
          0.96830046,
          0,
          -0.98050654,
          2.7500288,
          -6.1728854,
          1
        ]
      },
      {
        "date" : 758020868.717025,
        "title" : "Untitled",
        "transform" : [
          0.93611157,
          3.3141836e-09,
          0.35170302,
          0,
          0.14171983,
          0.9152206,
          -0.3772091,
          0,
          -0.32188585,
          0.40295312,
          0.85674864,
          0,
          -1.9564055,
          4.0764184,
          -6.7096853,
          1
        ]
      },
      {
        "date" : 758020862.850248,
        "title" : "Untitled",
        "transform" : [
          0.999994,
          0,
          0.003463738,
          0,
          0,
          1,
          0,
          0,
          -0.003463738,
          0,
          0.999994,
          0,
          0.007728777,
          1.5851749,
          -5.7995505,
          1
        ]
      },
      {
        "date" : 758020579.936783,
        "title" : "Untitled",
        "transform" : [
          -0.79320955,
          0.0005650296,
          0.6089486,
          0,
          -0.48782963,
          -0.59911835,
          -0.63488543,
          0,
          0.36447355,
          -0.8006603,
          0.47550204,
          0,
          -0.621647,
          2.5402355,
          1.5925108,
          1
        ]
      },
      {
        "date" : 758020572.543645,
        "title" : "Untitled",
        "transform" : [
          -0.79320955,
          0.0005650296,
          0.6089486,
          0,
          -0.48782963,
          -0.59911835,
          -0.63488543,
          0,
          0.36447355,
          -0.8006603,
          0.47550204,
          0,
          -0.66737896,
          2.6406975,
          1.5328476,
          1
        ]
      },
      {
        "date" : 758020479.07142,
        "title" : "Untitled",
        "transform" : [
          0.96325326,
          -4.0859716e-09,
          0.26859462,
          0,
          0.097402416,
          0.93193036,
          -0.34931144,
          0,
          -0.2503115,
          0.36263716,
          0.89768493,
          0,
          -0.66737896,
          2.6406975,
          1.5328476,
          1
        ]
      }
    ],
    "229A9523-9542-4C66-B562-4EEDE849ABB0" : [
      {
        "date" : 755163078.533019,
        "title" : "Untitled",
        "transform" : [
          0.9440018,
          3.0413734e-09,
          -0.32994008,
          0,
          -0.07733541,
          0.97214216,
          -0.22126676,
          0,
          0.32074863,
          0.23439226,
          0.9177039,
          0,
          0.053265046,
          0.08900943,
          0.17415574,
          1
        ]
      },
      {
        "date" : 755163008.682751,
        "title" : "Untitled",
        "transform" : [
          0.9352097,
          3.0089407e-09,
          -0.3540944,
          0,
          -0.11779891,
          0.943041,
          -0.31112236,
          0,
          0.3339255,
          0.33267653,
          0.881941,
          0,
          0.054158803,
          0.107170396,
          0.16331379,
          1
        ]
      },
      {
        "date" : 755163004.36669,
        "title" : "Untitled",
        "transform" : [
          0.9595727,
          3.8293972e-09,
          -0.28146094,
          0,
          -0.111354314,
          0.9184101,
          -0.3796355,
          0,
          0.25849655,
          0.3956297,
          0.8812812,
          0,
          0.039348993,
          0.118540026,
          0.15965582,
          1
        ]
      },
      {
        "date" : 755162528.365661,
        "title" : "Untitled",
        "transform" : [
          0.9300776,
          3.835167e-09,
          -0.36736304,
          0,
          -0.15138055,
          0.91115063,
          -0.3832603,
          0,
          0.33472306,
          0.4120734,
          0.8474408,
          0,
          0.052879956,
          0.1214736,
          0.15342078,
          1
        ]
      },
      {
        "date" : 755162334.66612,
        "title" : "Untitled",
        "transform" : [
          0.9300776,
          3.835167e-09,
          -0.36736304,
          0,
          -0.15138055,
          0.91115063,
          -0.3832603,
          0,
          0.33472306,
          0.4120734,
          0.8474408,
          0,
          0.07784461,
          0.17882136,
          0.2258508,
          1
        ]
      },
      {
        "date" : 755162330.140482,
        "title" : "Untitled",
        "transform" : [
          1,
          0,
          -0,
          0,
          -0,
          0.7071069,
          -0.7071067,
          0,
          0,
          0.7071067,
          0.7071069,
          0,
          4.7683716e-07,
          0.16558135,
          0.08389115,
          1
        ]
      }
    ],
    "23D256D9-0427-40F7-AA1A-1F4F05FBC38B" : [
      {
        "date" : 757763399.360781,
        "title" : "Untitled",
        "transform" : [
          0.99795586,
          1.614082e-09,
          0.063906826,
          0,
          0.008234794,
          0.99166334,
          -0.12859276,
          0,
          -0.063374065,
          0.12885623,
          0.98963624,
          0,
          -0.16390432,
          0.33326083,
          2.559496,
          1
        ]
      },
      {
        "date" : 757337787.898442,
        "title" : "Untitled",
        "transform" : [
          0.9906284,
          1.1120846e-09,
          0.13658434,
          0,
          0.0512199,
          0.9270226,
          -0.3714912,
          0,
          -0.12661678,
          0.37500566,
          0.9183349,
          0,
          -0.32746893,
          0.969877,
          2.3750894,
          1
        ]
      }
    ],
